37499 0
37499 2
37499 5
37499 8
37499 12
37499 17
37499 23
37499 29
37499 37
37499 45
37499 54
37499 64
37499 75
37499 87
37499 99
37499 113
37499 127
37499 142
37499 158
37499 174
37499 192
37499 210
37499 229
37499 249
37499 270
37498 292
37498 314
37498 338
37498 362
37497 387
37497 413
37497 439
37497 467
37496 495
37496 524
37495 554
37495 585
37494 617
37494 649
37493 683
37493 717
37492 752
37491 788
37490 824
37490 862
37489 900
37488 939
37487 979
37486 1020
37484 1062
37483 1104
37482 1148
37481 1192
37479 1237
37478 1283
37476 1329
37474 1377
37472 1425
37470 1474
37468 1524
37466 1574
37464 1624
37462 1674
37460 1724
37457 1774
37455 1824
37453 1874
37450 1924
37448 1974
37445 2024
37442 2073
37439 2123
37436 2173
37434 2223
37431 2273
37427 2323
37424 2373
37421 2423
37418 2473
37415 2523
37411 2572
37408 2622
37404 2672
37401 2722
37397 2772
37393 2822
37389 2872
37385 2922
37382 2971
37378 3021
37373 3071
37369 3121
37365 3171
37361 3221
37357 3270
37352 3320
37348 3370
37343 3420
37339 3470
37334 3519
37329 3569
37324 3619
37320 3669
37315 3718
37310 3768
37305 3818
37299 3868
37294 3917
37289 3967
37284 4017
37278 4066
37273 4116
37267 4166
37262 4216
37256 4265
37250 4315
37245 4365
37239 4414
37233 4464
37227 4514
37221 4563
37215 4613
37208 4662
37202 4712
37196 4762
37190 4811
37183 4861
37177 4910
37170 4960
37163 5009
37157 5059
37150 5109
37143 5158
37136 5208
37129 5257
37122 5307
37115 5356
37108 5406
37101 5455
37093 5505
37086 5554
37078 5603
37071 5653
37063 5702
37056 5752
37048 5801
37040 5850
37032 5900
37024 5949
37017 5999
37009 6048
37000 6097
36992 6147
36984 6196
36976 6245
36967 6295
36959 6344
36950 6393
36942 6442
36933 6492
36925 6541
36916 6590
36907 6639
36898 6689
36889 6738
36880 6787
36871 6836
36862 6885
36853 6934
36843 6983
36834 7033
36825 7082
36815 7131
36806 7180
36796 7229
36786 7278
36777 7327
36767 7376
36757 7425
36747 7474
36737 7523
36727 7572
36717 7621
36707 7670
36696 7719
36686 7768
36676 7817
36665 7866
36655 7915
36644 7963
36633 8012
36623 8061
36612 8110
36601 8159
36590 8208
36579 8256
36568 8305
36557 8354
36546 8403
36535 8451
36523 8500
36512 8549
36501 8597
36489 8646
36478 8695
36466 8743
36454 8792
36442 8840
36431 8889
36419 8938
36407 8986
36395 9035
36383 9083
36371 9132
36358 9180
36346 9229
36334 9277
36321 9326
36309 9374
36296 9422
36284 9471
36271 9519
36258 9568
36246 9616
36233 9664
36220 9712
36207 9761
36194 9809
36181 9857
36167 9906
36154 9954
36141 10002
36128 10050
36114 10098
36101 10146
36087 10195
36073 10243
36060 10291
36046 10339
36032 10387
36018 10435
36004 10483
35990 10531
35976 10579
35962 10627
35948 10675
35934 10723
35919 10771
35905 10818
35890 10866
35876 10914
35861 10962
35847 11010
35832 11058
35817 11105
35802 11153
35787 11201
35773 11249
35757 11296
35742 11344
35727 11392
35712 11439
35697 11487
35681 11534
35666 11582
35650 11630
35635 11677
35619 11725
35604 11772
35588 11819
35572 11867
35556 11914
35540 11962
35524 12009
35508 12056
35492 12104
35476 12151
35460 12198
35444 12246
35427 12293
35411 12340
35394 12387
35378 12435
35361 12482
35344 12529
35328 12576
35311 12623
35294 12670
35277 12717
35260 12764
35243 12811
35226 12858
35209 12905
35192 12952
35174 12999
35157 13046
35139 13093
35122 13140
35104 13186
35087 13233
35069 13280
35051 13327
35034 13373
35016 13420
34998 13467
34980 13513
34962 13560
34944 13607
34925 13653
34907 13700
34889 13746
34871 13793
34852 13839
34834 13886
34815 13932
34797 13979
34778 14025
34759 14071
34740 14118
34721 14164
34703 14210
34684 14257
34665 14303
34645 14349
34626 14395
34607 14441
34588 14487
34568 14534
34549 14580
34530 14626
34510 14672
34490 14718
34471 14764
34451 14810
34431 14856
34411 14901
34392 14947
34372 14993
34352 15039
34331 15085
34311 15131
34291 15176
34271 15222
34251 15268
34230 15313
34210 15359
34189 15405
34169 15450
34148 15496
34127 15541
34107 15587
34086 15632
34065 15678
34044 15723
34023 15768
34002 15814
33981 15859
33960 15904
33938 15950
33917 15995
33896 16040
33874 16085
33853 16130
33831 16176
33810 16221
33788 16266
33766 16311
33744 16356
33723 16401
33701 16446
33679 16491
33657 16535
33635 16580
33613 16625
33590 16670
33568 16715
33546 16759
33523 16804
33501 16849
33478 16894
33456 16938
33433 16983
33411 17027
33388 17072
33365 17116
33342 17161
33319 17205
33296 17250
33273 17294
33250 17338
33227 17383
33204 17427
33181 17471
33157 17515
33134 17560
33110 17604
33087 17648
33063 17692
33040 17736
33016 17780
32992 17824
32969 17868
32945 17912
32921 17956
32897 18000
32873 18044
32849 18088
32825 18131
32800 18175
32776 18219
32752 18262
32727 18306
32703 18350
32678 18393
32654 18437
32629 18480
32605 18524
32580 18567
32555 18611
32530 18654
32505 18698
32480 18741
32455 18784
32430 18827
32405 18871
32380 18914
32355 18957
32329 19000
32304 19043
32279 19086
32253 19129
32228 19172
32202 19215
32176 19258
32151 19301
32125 19344
32099 19387
32073 19429
32047 19472
32021 19515
31995 19558
31969 19600
31943 19643
31917 19685
31891 19728
31864 19770
31838 19813
31811 19855
31785 19898
31758 19940
31732 19982
31705 20025
31678 20067
31651 20109
31625 20151
31598 20194
31571 20236
31544 20278
31517 20320
31490 20362
31462 20404
31435 20446
31408 20488
31381 20529
31353 20571
31326 20613
31298 20655
31271 20697
31243 20738
31215 20780
31188 20821
31160 20863
31132 20905
31104 20946
31076 20988
31048 21029
31020 21070
30992 21112
30964 21153
30935 21194
30907 21235
30879 21277
30850 21318
30822 21359
30793 21400
30765 21441
30736 21482
30708 21523
30679 21564
30650 21605
30621 21646
30592 21686
30563 21727
30534 21768
30505 21809
30476 21849
30447 21890
30418 21931
30389 21971
30359 22012
30330 22052
30301 22092
30271 22133
30242 22173
30212 22213
30182 22254
30153 22294
30123 22334
30093 22374
30063 22414
30033 22454
30003 22494
29973 22534
29943 22574
29913 22614
29883 22654
29853 22694
29822 22734
29792 22774
29762 22813
29731 22853
29701 22893
29670 22932
29640 22972
29609 23011
29578 23051
29547 23090
29517 23129
29486 23169
29455 23208
29424 23247
29393 23286
29362 23326
29331 23365
29299 23404
29268 23443
29237 23482
29206 23521
29174 23560
29143 23599
29111 23638
29080 23676
29048 23715
29016 23754
28985 23792
28953 23831
28921 23870
28889 23908
28857 23947
28826 23985
28794 24024
28761 24062
28729 24100
28697 24139
28665 24177
28633 24215
28600 24253
28568 24291
28536 24329
28503 24367
28471 24405
28438 24443
28405 24481
28373 24519
28340 24557
28307 24595
28274 24632
28242 24670
28209 24708
28176 24745
28143 24783
28110 24820
28077 24858
28043 24895
28010 24933
27977 24970
27944 25007
27910 25044
27877 25082
27843 25119
27810 25156
27776 25193
27743 25230
27709 25267
27675 25304
27641 25341
27608 25377
27574 25414
27540 25451
27506 25488
27472 25524
27438 25561
27404 25598
27370 25634
27335 25671
27301 25707
27267 25743
27232 25780
27198 25816
27164 25852
27129 25888
27095 25925
27060 25961
27025 25997
26991 26033
26956 26069
26921 26105
26886 26140
26851 26176
26817 26212
26782 26248
26747 26283
26711 26319
26676 26355
26641 26390
26606 26426
26571 26461
26535 26497
26500 26532
26465 26567
26429 26603
26394 26638
26358 26673
26323 26708
26287 26743
26251 26778
26216 26813
26180 26848
26144 26883
26108 26918
26072 26953
26036 26987
26000 27022
25964 27057
25928 27091
25892 27126
25856 27160
25819 27195
25783 27229
25747 27263
25710 27298
25674 27332
25638 27366
25601 27400
25565 27435
25528 27469
25491 27503
25455 27537
25418 27570
25381 27604
25344 27638
25307 27672
25270 27706
25233 27739
25196 27773
25159 27807
25122 27840
25085 27874
25048 27907
25011 27940
24973 27974
24936 28007
24899 28040
24861 28073
24824 28106
24786 28139
24749 28173
24711 28205
24674 28238
24636 28271
24598 28304
24560 28337
24523 28370
24485 28402
24447 28435
24409 28467
24371 28500
24333 28532
24295 28565
24257 28597
24219 28630
24180 28662
24142 28694
24104 28726
24066 28758
24027 28790
23989 28822
23950 28854
23912 28886
23873 28918
23835 28950
23796 28982
23758 29013
23719 29045
23680 29077
23641 29108
23602 29140
23564 29171
23525 29203
23486 29234
23447 29265
23408 29296
23369 29328
23329 29359
23290 29390
23251 29421
23212 29452
23173 29483
23133 29514
23094 29544
23054 29575
23015 29606
22975 29637
22936 29667
22896 29698
22857 29728
22817 29759
22777 29789
22738 29819
22698 29850
22658 29880
22618 29910
22578 29940
22538 29970
22498 30000
22458 30030
22418 30060
22378 30090
22338 30120
22298 30150
22258 30179
22217 30209
22177 30239
22137 30268
22096 30298
22056 30327
22015 30356
21975 30386
21934 30415
21894 30444
21853 30473
21813 30503
21772 30532
21731 30561
21690 30590
21650 30618
21609 30647
21568 30676
21527 30705
21486 30734
21445 30762
21404 30791
21363 30819
21322 30848
21281 30876
21239 30904
21198 30933
21157 30961
21116 30989
21074 31017
21033 31045
20992 31073
20950 31101
20909 31129
20867 31157
20826 31185
20784 31213
20742 31240
20701 31268
20659 31295
20617 31323
20575 31350
20534 31378
20492 31405
20450 31433
20408 31460
20366 31487
20324 31514
20282 31541
20240 31568
20198 31595
20156 31622
20113 31649
20071 31676
20029 31702
19987 31729
19944 31756
19902 31782
19860 31809
19817 31835
19775 31862
19732 31888
19690 31914
19647 31940
19604 31967
19562 31993
19519 32019
19476 32045
19434 32071
19391 32097
19348 32122
19305 32148
19262 32174
19219 32200
19176 32225
19133 32251
19090 32276
19047 32302
19004 32327
18961 32352
18918 32378
18875 32403
18832 32428
18788 32453
18745 32478
18702 32503
18658 32528
18615 32553
18572 32578
18528 32602
18485 32627
18441 32652
18398 32676
18354 32701
18310 32725
18267 32749
18223 32774
18179 32798
18136 32822
18092 32846
18048 32870
18004 32895
17960 32918
17916 32942
17872 32966
17828 32990
17784 33014
17740 33038
17696 33061
17652 33085
17608 33108
17564 33132
17520 33155
17476 33178
17431 33202
17387 33225
17343 33248
17298 33271
17254 33294
17210 33317
17165 33340
17121 33363
17076 33386
17032 33408
16987 33431
16942 33454
16898 33476
16853 33499
16809 33521
16764 33544
16719 33566
16674 33588
16630 33610
16585 33633
16540 33655
16495 33677
16450 33699
16405 33721
16360 33742
16315 33764
16270 33786
16225 33808
16180 33829
16135 33851
16090 33872
16044 33894
15999 33915
15954 33936
15909 33958
15863 33979
15818 34000
15773 34021
15727 34042
15682 34063
15637 34084
15591 34105
15546 34125
15500 34146
15455 34167
15409 34187
15363 34208
15318 34228
15272 34249
15226 34269
15181 34289
15135 34309
15089 34330
15043 34350
14998 34370
14952 34390
14906 34409
14860 34429
14814 34449
14768 34469
14722 34489
14676 34508
14630 34528
14584 34547
14538 34567
14492 34586
14446 34605
14400 34624
14353 34644
14307 34663
14261 34682
14215 34701
14169 34720
14122 34739
14076 34757
14030 34776
13983 34795
13937 34813
13890 34832
13844 34850
13797 34869
13751 34887
13704 34905
13658 34924
13611 34942
13565 34960
13518 34978
13471 34996
13425 35014
13378 35032
13331 35050
13284 35067
13238 35085
13191 35103
13144 35120
13097 35138
13050 35155
13004 35173
12957 35190
12910 35207
12863 35224
12816 35241
12769 35258
12722 35275
12675 35292
12628 35309
12581 35326
12533 35343
12486 35360
12439 35376
12392 35393
12345 35409
12298 35426
12250 35442
12203 35458
12156 35475
12108 35491
12061 35507
12014 35523
11966 35539
11919 35555
11872 35571
11824 35586
11777 35602
11729 35618
11682 35633
11634 35649
11587 35664
11539 35680
11491 35695
11444 35711
11396 35726
11349 35741
11301 35756
11253 35771
11206 35786
11158 35801
11110 35816
11062 35831
11014 35845
10967 35860
10919 35875
10871 35889
10823 35904
10775 35918
10727 35932
10679 35947
10632 35961
10584 35975
10536 35989
10488 36003
10440 36017
10392 36031
10343 36045
10295 36058
10247 36072
10199 36086
10151 36099
10103 36113
10055 36126
10007 36140
9958 36153
9910 36166
9862 36179
9814 36192
9765 36206
9717 36219
9669 36231
9621 36244
9572 36257
9524 36270
9476 36282
9427 36295
9379 36308
9330 36320
9282 36333
9233 36345
9185 36357
9136 36369
9088 36382
9039 36394
8991 36406
8942 36418
8894 36429
8845 36441
8797 36453
8748 36465
8699 36476
8651 36488
8602 36499
8553 36511
8505 36522
8456 36534
8407 36545
8359 36556
8310 36567
8261 36578
8212 36589
8163 36600
8115 36611
8066 36622
8017 36632
7968 36643
7919 36654
7870 36664
7822 36675
7773 36685
7724 36695
7675 36706
7626 36716
7577 36726
7528 36736
7479 36746
7430 36756
7381 36766
7332 36776
7283 36785
7234 36795
7185 36805
7136 36814
7086 36824
7037 36833
6988 36843
6939 36852
6890 36861
6841 36870
6792 36879
6742 36888
6693 36897
6644 36906
6595 36915
6546 36924
6496 36932
6447 36941
6398 36950
6349 36958
6299 36967
6250 36975
6201 36983
6151 36991
6102 37000
6053 37008
6003 37016
5954 37024
5905 37032
5855 37039
5806 37047
5757 37055
5707 37063
5658 37070
5608 37078
5559 37085
5509 37093
5460 37100
5410 37107
5361 37114
5311 37121
5262 37128
5212 37135
5163 37142
5113 37149
5064 37156
5014 37163
4965 37169
4915 37176
4866 37182
4816 37189
4766 37195
4717 37202
4667 37208
4618 37214
4568 37220
4518 37226
4469 37232
4419 37238
4369 37244
4320 37250
4270 37256
4220 37261
4171 37267
4121 37272
4071 37278
4022 37283
3972 37289
3922 37294
3872 37299
3823 37304
3773 37309
3723 37314
3673 37319
3624 37324
3574 37329
3524 37333
3474 37338
3425 37343
3375 37347
3325 37352
3275 37356
3225 37360
3176 37365
3126 37369
3076 37373
3026 37377
2976 37381
2926 37385
2877 37389
2827 37393
2777 37397
2727 37400
2677 37404
2627 37407
2577 37411
2527 37414
2478 37418
2428 37421
2378 37424
2328 37427
2278 37430
2228 37433
2178 37436
2128 37439
2078 37442
2028 37445
1978 37447
1929 37450
1879 37452
1829 37455
1779 37457
1729 37460
1679 37462
1629 37464
1579 37466
1529 37468
1479 37470
1429 37472
1379 37474
1329 37476
1279 37478
1229 37479
1179 37481
1129 37482
1079 37484
1029 37485
979 37487
929 37488
879 37489
829 37490
779 37491
729 37492
679 37493
629 37494
579 37495
529 37496
479 37496
429 37497
379 37498
329 37498
279 37498
229 37499
179 37499
129 37499
79 37499
29 37499
-20 37499
-70 37499
-120 37499
-170 37499
-220 37499
-270 37499
-320 37498
-370 37498
-420 37497
-470 37497
-520 37496
-570 37495
-620 37494
-670 37494
-720 37493
-770 37492
-820 37491
-870 37489
-920 37488
-970 37487
-1020 37486
-1069 37484
-1119 37483
-1169 37481
-1219 37480
-1269 37478
-1319 37476
-1369 37474
-1419 37473
-1469 37471
-1519 37469
-1569 37467
-1619 37465
-1669 37462
-1719 37460
-1769 37458
-1819 37455
-1869 37453
-1919 37450
-1969 37448
-2019 37445
-2069 37442
-2119 37440
-2168 37437
-2218 37434
-2268 37431
-2318 37428
-2368 37425
-2418 37421
-2468 37418
-2518 37415
-2568 37411
-2618 37408
-2667 37404
-2717 37401
-2767 37397
-2817 37394
-2867 37390
-2917 37386
-2967 37382
-3016 37378
-3066 37374
-3116 37370
-3166 37366
-3216 37361
-3265 37357
-3315 37353
-3365 37348
-3415 37344
-3465 37339
-3514 37334
-3564 37330
-3614 37325
-3664 37320
-3714 37315
-3763 37310
-3813 37305
-3863 37300
-3913 37295
-3962 37290
-4012 37284
-4062 37279
-4111 37273
-4161 37268
-4211 37262
-4260 37257
-4310 37251
-4360 37245
-4409 37239
-4459 37233
-4509 37227
-4558 37221
-4608 37215
-4658 37209
-4707 37203
-4757 37197
-4806 37190
-4856 37184
-4906 37177
-4955 37171
-5005 37164
-5054 37157
-5104 37150
-5153 37144
-5203 37137
-5252 37130
-5302 37123
-5351 37116
-5401 37108
-5450 37101
-5500 37094
-5549 37087
-5599 37079
-5648 37072
-5697 37064
-5747 37056
-5796 37049
-5846 37041
-5895 37033
-5944 37025
-5994 37017
-6043 37009
-6093 37001
-6142 36993
-6191 36985
-6240 36977
-6290 36968
-6339 36960
-6388 36951
-6438 36943
-6487 36934
-6536 36925
-6585 36917
-6635 36908
-6684 36899
-6733 36890
-6782 36881
-6831 36872
-6880 36863
-6930 36854
-6979 36844
-7028 36835
-7077 36826
-7126 36816
-7175 36807
-7224 36797
-7273 36787
-7322 36778
-7371 36768
-7420 36758
-7469 36748
-7518 36738
-7567 36728
-7616 36718
-7665 36708
-7714 36697
-7763 36687
-7812 36677
-7861 36666
-7910 36656
-7959 36645
-8007 36634
-8056 36624
-8105 36613
-8154 36602
-8203 36591
-8252 36580
-8300 36569
-8349 36558
-8398 36547
-8447 36536
-8495 36524
-8544 36513
-8593 36502
-8641 36490
-8690 36479
-8739 36467
-8787 36455
-8836 36444
-8884 36432
-8933 36420
-8981 36408
-9030 36396
-9079 36384
-9127 36372
-9176 36360
-9224 36347
-9272 36335
-9321 36323
-9369 36310
-9418 36298
-9466 36285
-9514 36272
-9563 36260
-9611 36247
-9659 36234
-9708 36221
-9756 36208
-9804 36195
-9853 36182
-9901 36169
-9949 36156
-9997 36142
-10045 36129
-10094 36115
-10142 36102
-10190 36088
-10238 36075
-10286 36061
-10334 36047
-10382 36034
-10430 36020
-10478 36006
-10526 35992
-10574 35978
-10622 35963
-10670 35949
-10718 35935
-10766 35921
-10814 35906
-10862 35892
-10910 35877
-10957 35863
-11005 35848
-11053 35833
-11101 35819
-11148 35804
-11196 35789
-11244 35774
-11292 35759
-11339 35744
-11387 35729
-11435 35713
-11482 35698
-11530 35683
-11577 35667
-11625 35652
-11672 35636
-11720 35621
-11767 35605
-11815 35589
-11862 35574
-11910 35558
-11957 35542
-12005 35526
-12052 35510
-12099 35494
-12147 35478
-12194 35461
-12241 35445
-12288 35429
-12336 35412
-12383 35396
-12430 35379
-12477 35363
-12524 35346
-12571 35329
-12618 35313
-12666 35296
-12713 35279
-12760 35262
-12807 35245
-12854 35228
-12901 35210
-12947 35193
-12994 35176
-13041 35159
-13088 35141
-13135 35124
-13182 35106
-13229 35089
-13275 35071
-13322 35053
-13369 35035
-13416 35017
-13462 35000
-13509 34982
-13556 34964
-13602 34945
-13649 34927
-13695 34909
-13742 34891
-13788 34872
-13835 34854
-13881 34835
-13928 34817
-13974 34798
-14021 34780
-14067 34761
-14113 34742
-14160 34723
-14206 34704
-14252 34685
-14298 34666
-14345 34647
-14391 34628
-14437 34609
-14483 34590
-14529 34570
-14575 34551
-14621 34531
-14667 34512
-14713 34492
-14759 34473
-14805 34453
-14851 34433
-14897 34413
-14943 34393
-14989 34374
-15035 34353
-15080 34333
-15126 34313
-15172 34293
-15218 34273
-15263 34253
-15309 34232
-15355 34212
-15400 34191
-15446 34171
-15491 34150
-15537 34129
-15582 34109
-15628 34088
-15673 34067
-15719 34046
-15764 34025
-15809 34004
-15855 33983
-15900 33962
-15945 33940
-15990 33919
-16036 33898
-16081 33876
-16126 33855
-16171 33833
-16216 33812
-16261 33790
-16306 33768
-16351 33747
-16396 33725
-16441 33703
-16486 33681
-16531 33659
-16576 33637
-16621 33615
-16666 33593
-16710 33570
-16755 33548
-16800 33526
-16845 33503
-16889 33481
-16934 33458
-16978 33436
-17023 33413
-17068 33390
-17112 33367
-17156 33344
-17201 33322
-17245 33299
-17290 33276
-17334 33253
-17378 33229
-17423 33206
-17467 33183
-17510 33160
-17553 33137
-17595 33115
-17636 33093
-17677 33072
-17716 33050
-17755 33029
-17794 33009
-17831 32989
-17868 32969
-17903 32949
-17939 32930
-17973 32912
-18007 32893
-18039 32875
-18072 32858
-18103 32840
-18134 32823
-18164 32807
-18193 32791
-18221 32775
-18249 32759
-18276 32744
-18302 32730
-18327 32716
-18352 32702
-18376 32688
-18399 32675
-18422 32662
-18444 32650
-18465 32638
-18485 32627
-18504 32616
-18523 32605
-18541 32595
-18559 32585
-18575 32575
-18591 32566
-18607 32558
-18621 32549
-18635 32541
-18648 32534
-18660 32527
-18672 32520
-18683 32514
-18693 32508
-18702 32503
-18711 32498
-18719 32493
-18726 32489
-18732 32485
-18738 32482
-18743 32479
-18747 32477
