-18749 -32475
-18748 -32476
-18746 -32477
-18743 -32478
-18740 -32480
-18736 -32482
-18732 -32485
-18727 -32488
-18721 -32491
-18715 -32495
-18708 -32499
-18700 -32503
-18692 -32508
-18683 -32513
-18674 -32518
-18664 -32524
-18653 -32530
-18641 -32537
-18629 -32544
-18617 -32551
-18603 -32558
-18590 -32566
-18575 -32575
-18560 -32583
-18544 -32592
-18527 -32602
-18510 -32611
-18493 -32622
-18474 -32632
-18455 -32643
-18435 -32654
-18415 -32665
-18394 -32677
-18373 -32689
-18350 -32702
-18327 -32715
-18304 -32728
-18280 -32741
-18255 -32755
-18229 -32769
-18203 -32784
-18176 -32799
-18149 -32814
-18121 -32829
-18092 -32845
-18063 -32861
-18033 -32878
-18002 -32895
-17971 -32912
-17939 -32929
-17906 -32947
-17873 -32965
-17839 -32984
-17804 -33002
-17769 -33021
-17733 -33041
-17696 -33060
-17659 -33080
-17621 -33100
-17582 -33121
-17543 -33142
-17503 -33163
-17462 -33184
-17421 -33206
-17379 -33228
-17336 -33250
-17293 -33273
-17249 -33296
-17205 -33319
-17160 -33342
-17116 -33364
-17071 -33387
-17027 -33410
-16982 -33433
-16938 -33455
-16893 -33478
-16848 -33500
-16804 -33523
-16759 -33545
-16714 -33567
-16669 -33590
-16625 -33612
-16580 -33634
-16535 -33656
-16490 -33678
-16445 -33700
-16400 -33722
-16355 -33744
-16310 -33766
-16265 -33787
-16220 -33809
-16175 -33831
-16130 -33852
-16085 -33874
-16039 -33895
-15994 -33916
-15949 -33938
-15904 -33959
-15858 -33980
-15813 -34001
-15768 -34022
-15722 -34043
-15677 -34064
-15632 -34085
-15586 -34106
-15541 -34127
-15495 -34147
-15450 -34168
-15404 -34189
-15358 -34209
-15313 -34229
-15267 -34250
-15221 -34270
-15176 -34290
-15130 -34311
-15084 -34331
-15038 -34351
-14993 -34371
-14947 -34391
-14901 -34411
-14855 -34431
-14809 -34450
-14763 -34470
-14717 -34490
-14671 -34509
-14625 -34529
-14579 -34548
-14533 -34568
-14487 -34587
-14441 -34606
-14395 -34626
-14348 -34645
-14302 -34664
-14256 -34683
-14210 -34702
-14163 -34721
-14117 -34740
-14071 -34758
-14024 -34777
-13978 -34796
-13932 -34814
-13885 -34833
-13839 -34852
-13792 -34870
-13746 -34888
-13699 -34907
-13653 -34925
-13606 -34943
-13559 -34961
-13513 -34979
-13466 -34997
-13420 -35015
-13373 -35033
-13326 -35051
-13279 -35068
-13233 -35086
-13186 -35104
-13139 -35121
-13092 -35139
-13045 -35156
-12998 -35174
-12951 -35191
-12905 -35208
-12858 -35225
-12811 -35242
-12764 -35259
-12717 -35276
-12670 -35293
-12622 -35310
-12575 -35327
-12528 -35344
-12481 -35360
-12434 -35377
-12387 -35394
-12340 -35410
-12292 -35427
-12245 -35443
-12198 -35459
-12151 -35475
-12103 -35492
-12056 -35508
-12009 -35524
-11961 -35540
-11914 -35556
-11866 -35571
-11819 -35587
-11771 -35603
-11724 -35619
-11676 -35634
-11629 -35650
-11581 -35665
-11534 -35681
-11486 -35696
-11439 -35711
-11391 -35727
-11343 -35742
-11296 -35757
-11248 -35772
-11200 -35787
-11153 -35802
-11105 -35817
-11057 -35831
-11009 -35846
-10961 -35861
-10914 -35875
-10866 -35890
-10818 -35904
-10770 -35919
-10722 -35933
-10674 -35947
-10626 -35961
-10578 -35976
-10530 -35990
-10482 -36004
-10434 -36018
-10386 -36031
-10338 -36045
-10290 -36059
-10242 -36073
-10194 -36086
-10146 -36100
-10098 -36113
-10049 -36127
-10001 -36140
-9953 -36154
-9905 -36167
-9857 -36180
-9808 -36193
-9760 -36206
-9712 -36219
-9664 -36232
-9615 -36245
-9567 -36258
-9519 -36270
-9470 -36283
-9422 -36296
-9373 -36308
-9325 -36321
-9277 -36333
-9228 -36345
-9180 -36358
-9131 -36370
-9083 -36382
-9034 -36394
-8986 -36406
-8937 -36418
-8888 -36430
-8840 -36442
-8791 -36453
-8743 -36465
-8694 -36477
-8645 -36488
-8597 -36500
-8548 -36511
-8499 -36523
-8451 -36534
-8402 -36545
-8353 -36556
-8304 -36567
-8256 -36579
-8207 -36589
-8158 -36600
-8109 -36611
-8060 -36622
-8012 -36633
-7963 -36643
-7914 -36654
-7865 -36664
-7816 -36675
-7767 -36685
-7718 -36696
-7669 -36706
-7620 -36716
-7571 -36726
-7522 -36736
-7473 -36746
-7424 -36756
-7375 -36766
-7326 -36776
-7277 -36786
-7228 -36795
-7179 -36805
-7130 -36814
-7081 -36824
-7032 -36833
-6983 -36843
-6934 -36852
-6885 -36861
-6835 -36870
-6786 -36879
-6737 -36888
-6688 -36897
-6639 -36906
-6589 -36915
-6540 -36924
-6491 -36933
-6442 -36941
-6392 -36950
-6343 -36958
-6294 -36967
-6245 -36975
-6195 -36983
-6146 -36992
-6097 -37000
-6047 -37008
-5998 -37016
-5949 -37024
-5899 -37032
-5850 -37039
-5800 -37047
-5751 -37055
-5702 -37063
-5652 -37070
-5603 -37078
-5553 -37085
-5504 -37092
-5454 -37100
-5405 -37107
-5355 -37114
-5306 -37121
-5256 -37128
-5207 -37135
-5157 -37142
-5108 -37149
-5058 -37156
-5009 -37163
-4959 -37169
-4910 -37176
-4860 -37182
-4811 -37189
-4761 -37195
-4711 -37201
-4662 -37208
-4612 -37214
-4563 -37220
-4513 -37226
-4463 -37232
-4414 -37238
-4364 -37244
-4314 -37250
-4265 -37255
-4215 -37261
-4165 -37267
-4116 -37272
-4066 -37278
-4016 -37283
-3966 -37288
-3917 -37294
-3867 -37299
-3817 -37304
-3768 -37309
-3718 -37314
-3668 -37319
-3618 -37324
-3568 -37328
-3519 -37333
-3469 -37338
-3419 -37342
-3369 -37347
-3320 -37351
-3270 -37356
-3220 -37360
-3170 -37364
-3120 -37369
-3070 -37373
-3021 -37377
-2971 -37381
-2921 -37385
-2871 -37389
-2821 -37392
-2771 -37396
-2721 -37400
-2672 -37403
-2622 -37407
-2572 -37410
-2522 -37414
-2472 -37417
-2422 -37420
-2372 -37424
-2322 -37427
-2272 -37430
-2223 -37433
-2173 -37436
-2123 -37439
-2073 -37441
-2023 -37444
-1973 -37447
-1923 -37449
-1873 -37452
-1823 -37454
-1773 -37457
-1723 -37459
-1673 -37461
-1623 -37463
-1573 -37466
-1523 -37468
-1473 -37470
-1424 -37472
-1374 -37473
-1324 -37475
-1274 -37477
-1224 -37479
-1174 -37480
-1124 -37482
-1074 -37483
-1024 -37485
-974 -37486
-924 -37487
-874 -37488
-824 -37490
-774 -37491
-724 -37492
-674 -37493
-624 -37493
-574 -37494
-524 -37495
-474 -37496
-424 -37496
-374 -37497
-324 -37497
-274 -37498
-224 -37498
-174 -37498
-124 -37498
-74 -37499
-24 -37499
25 -37499
75 -37499
125 -37498
175 -37498
225 -37498
275 -37498
325 -37497
375 -37497
425 -37496
475 -37496
525 -37495
575 -37494
625 -37493
675 -37493
725 -37492
775 -37491
825 -37490
875 -37488
925 -37487
975 -37486
1025 -37485
1075 -37483
1125 -37482
1175 -37480
1225 -37479
1275 -37477
1325 -37475
1375 -37473
1425 -37472
1475 -37470
1525 -37468
1575 -37466
1625 -37463
1675 -37461
1725 -37459
1774 -37457
1824 -37454
1874 -37452
1924 -37449
1974 -37447
2024 -37444
2074 -37441
2124 -37438
2174 -37436
2224 -37433
2274 -37430
2324 -37427
2374 -37423
2423 -37420
2473 -37417
2523 -37414
2573 -37410
2623 -37407
2673 -37403
2723 -37400
2773 -37396
2822 -37392
2872 -37388
2922 -37385
2972 -37381
3022 -37377
3072 -37373
3122 -37368
3171 -37364
3221 -37360
3271 -37356
3321 -37351
3371 -37347
3420 -37342
3470 -37338
3520 -37333
3570 -37328
3619 -37324
3669 -37319
3719 -37314
3769 -37309
3818 -37304
3868 -37299
3918 -37293
3968 -37288
4017 -37283
4067 -37277
4117 -37272
4167 -37266
4216 -37261
4266 -37255
4316 -37249
4365 -37244
4415 -37238
4465 -37232
4514 -37226
4564 -37220
4613 -37214
4663 -37208
4713 -37201
4762 -37195
4812 -37189
4861 -37182
4911 -37176
4961 -37169
5010 -37162
5060 -37156
5109 -37149
5159 -37142
5208 -37135
5258 -37128
5307 -37121
5357 -37114
5406 -37107
5456 -37100
5505 -37092
5555 -37085
5604 -37077
5653 -37070
5703 -37062
5752 -37055
5802 -37047
5851 -37039
5900 -37031
5950 -37024
5999 -37016
6049 -37008
6098 -36999
6147 -36991
6197 -36983
6246 -36975
6295 -36966
6344 -36958
6394 -36949
6443 -36941
6492 -36932
6541 -36924
6591 -36915
6640 -36906
6689 -36897
6738 -36888
6787 -36879
6837 -36870
6886 -36861
6935 -36852
6984 -36842
7033 -36833
7082 -36824
7131 -36814
7180 -36805
7230 -36795
7279 -36785
7328 -36776
7377 -36766
7426 -36756
7475 -36746
7524 -36736
7573 -36726
7622 -36716
7671 -36706
7720 -36695
7768 -36685
7817 -36675
7866 -36664
7915 -36654
7964 -36643
8013 -36632
8062 -36622
8111 -36611
8159 -36600
8208 -36589
8257 -36578
8306 -36567
8354 -36556
8403 -36545
8452 -36534
8501 -36522
8549 -36511
8598 -36500
8647 -36488
8695 -36477
8744 -36465
8792 -36453
8841 -36441
8890 -36430
8938 -36418
8987 -36406
9035 -36394
9084 -36382
9132 -36370
9181 -36357
9229 -36345
9278 -36333
9326 -36320
9375 -36308
9423 -36295
9471 -36283
9520 -36270
9568 -36257
9616 -36245
9665 -36232
9713 -36219
9761 -36206
9810 -36193
9858 -36180
9906 -36166
9954 -36153
10003 -36140
10051 -36127
10099 -36113
10147 -36100
10195 -36086
10243 -36072
10291 -36059
10339 -36045
10387 -36031
10435 -36017
10484 -36003
10532 -35989
10579 -35975
10627 -35961
10675 -35947
10723 -35933
10771 -35918
10819 -35904
10867 -35889
10915 -35875
10963 -35860
11010 -35846
11058 -35831
11106 -35816
11154 -35801
11201 -35786
11249 -35771
11297 -35756
11345 -35741
11392 -35726
11440 -35711
11487 -35696
11535 -35680
11583 -35665
11630 -35649
11678 -35634
11725 -35618
11773 -35603
11820 -35587
11868 -35571
11915 -35555
11962 -35539
12010 -35523
12057 -35507
12104 -35491
12152 -35475
12199 -35459
12246 -35442
12294 -35426
12341 -35410
12388 -35393
12435 -35377
12482 -35360
12529 -35343
12577 -35327
12624 -35310
12671 -35293
12718 -35276
12765 -35259
12812 -35242
12859 -35225
12906 -35208
12953 -35190
13000 -35173
13046 -35156
13093 -35138
13140 -35121
13187 -35103
13234 -35086
13281 -35068
13327 -35050
13374 -35032
13421 -35015
13467 -34997
13514 -34979
13561 -34961
13607 -34943
13654 -34924
13700 -34906
13747 -34888
13793 -34869
13840 -34851
13886 -34833
13933 -34814
13979 -34795
14026 -34777
14072 -34758
14118 -34739
14165 -34720
14211 -34701
14257 -34682
14303 -34663
14350 -34644
14396 -34625
14442 -34606
14488 -34587
14534 -34567
14580 -34548
14626 -34528
14672 -34509
14718 -34489
14764 -34470
14810 -34450
14856 -34430
14902 -34410
14948 -34390
14994 -34370
15040 -34350
15085 -34330
15131 -34310
15177 -34290
15223 -34270
15268 -34249
15314 -34229
15360 -34209
15405 -34188
15451 -34167
15496 -34147
15542 -34126
15587 -34105
15633 -34085
15678 -34064
15724 -34043
15769 -34022
15814 -34001
15860 -33980
15905 -33958
15950 -33937
15995 -33916
16041 -33895
16086 -33873
16131 -33852
16176 -33830
16221 -33808
16266 -33787
16311 -33765
16356 -33743
16401 -33721
16446 -33700
16491 -33678
16536 -33656
16581 -33634
16626 -33611
16670 -33589
16715 -33567
16760 -33545
16805 -33522
16849 -33500
16894 -33477
16939 -33455
16983 -33432
17028 -33409
17072 -33387
17117 -33364
17161 -33341
17206 -33318
17250 -33295
17295 -33272
17339 -33249
17383 -33226
17428 -33203
17472 -33179
17516 -33156
17560 -33133
17604 -33109
17648 -33086
17693 -33062
17737 -33039
17781 -33015
17825 -32991
17869 -32967
17913 -32944
17957 -32920
18000 -32896
18044 -32872
18088 -32848
18132 -32823
18176 -32799
18219 -32775
18263 -32751
18307 -32726
18350 -32702
18394 -32677
18437 -32653
18481 -32628
18524 -32603
18568 -32579
18611 -32554
18655 -32529
18698 -32504
18741 -32479
18785 -32454
18828 -32429
18871 -32404
18914 -32379
18958 -32354
19001 -32328
19044 -32303
19087 -32277
19130 -32252
19173 -32226
19216 -32201
19259 -32175
19302 -32149
19344 -32124
19387 -32098
19430 -32072
19473 -32046
19515 -32020
19558 -31994
19601 -31968
19643 -31942
19686 -31916
19728 -31889
19771 -31863
19813 -31837
19856 -31810
19898 -31784
19941 -31757
19983 -31730
20025 -31704
20068 -31677
20110 -31650
20152 -31623
20194 -31596
20236 -31569
20278 -31542
20320 -31515
20362 -31488
20404 -31461
20446 -31434
20488 -31407
20530 -31379
20572 -31352
20614 -31324
20655 -31297
20697 -31269
20739 -31242
20780 -31214
20822 -31186
20864 -31158
20905 -31131
20947 -31103
20988 -31075
21029 -31047
21071 -31019
21112 -30991
21153 -30962
21195 -30934
21236 -30906
21277 -30878
21318 -30849
21359 -30821
21400 -30792
21441 -30764
21482 -30735
21523 -30706
21564 -30678
21605 -30649
21646 -30620
21687 -30591
21728 -30562
21768 -30533
21809 -30504
21850 -30475
21890 -30446
21931 -30417
21971 -30387
22012 -30358
22052 -30329
22093 -30299
22133 -30270
22174 -30240
22214 -30211
22254 -30181
22294 -30151
22335 -30121
22375 -30092
22415 -30062
22455 -30032
22495 -30002
22535 -29972
22575 -29942
22615 -29912
22655 -29882
22694 -29851
22734 -29821
22774 -29791
22814 -29760
22853 -29730
22893 -29699
22933 -29669
22972 -29638
23012 -29608
23051 -29577
23090 -29546
23130 -29515
23169 -29484
23208 -29453
23248 -29422
23287 -29391
23326 -29360
23365 -29329
23404 -29298
23443 -29267
23482 -29236
23521 -29204
23560 -29173
23599 -29141
23638 -29110
23677 -29078
23715 -29047
23754 -29015
23793 -28983
23831 -28952
23870 -28920
23909 -28888
23947 -28856
23986 -28824
24024 -28792
24062 -28760
24101 -28728
24139 -28696
24177 -28664
24215 -28631
24254 -28599
24292 -28567
24330 -28534
24368 -28502
24406 -28469
24444 -28437
24482 -28404
24519 -28371
24557 -28339
24595 -28306
24633 -28273
24670 -28240
24708 -28207
24746 -28174
24783 -28141
24821 -28108
24858 -28075
24896 -28042
24933 -28009
24970 -27975
25007 -27942
25045 -27909
25082 -27875
25119 -27842
25156 -27808
25193 -27775
25230 -27741
25267 -27707
25304 -27674
25341 -27640
25378 -27606
25415 -27572
25451 -27538
25488 -27504
25525 -27470
25561 -27436
25598 -27402
25634 -27368
25671 -27334
25707 -27300
25744 -27265
25780 -27231
25816 -27197
25853 -27162
25889 -27128
25925 -27093
25961 -27059
25997 -27024
26033 -26989
26069 -26954
26105 -26920
26141 -26885
26177 -26850
26212 -26815
26248 -26780
26284 -26745
26319 -26710
26355 -26675
26391 -26640
26426 -26604
26462 -26569
26497 -26534
26532 -26499
26568 -26463
26603 -26428
26638 -26392
26673 -26357
26708 -26321
26743 -26285
26778 -26250
26813 -26214
26848 -26178
26883 -26142
26918 -26107
26953 -26071
26988 -26035
27022 -25999
27057 -25963
27092 -25927
27126 -25890
27161 -25854
27195 -25818
27229 -25782
27264 -25745
27298 -25709
27332 -25673
27367 -25636
27401 -25600
27435 -25563
27469 -25526
27503 -25490
27537 -25453
27571 -25416
27605 -25380
27638 -25343
27672 -25306
27706 -25269
27740 -25232
27773 -25195
27807 -25158
27840 -25121
27874 -25084
27907 -25046
27941 -25009
27974 -24972
28007 -24935
28040 -24897
28074 -24860
28107 -24822
28140 -24785
28173 -24747
28206 -24710
28239 -24672
28272 -24634
28304 -24597
28337 -24559
28370 -24521
28403 -24483
28435 -24445
28468 -24407
28500 -24369
28533 -24331
28565 -24293
28597 -24255
28630 -24217
28662 -24179
28694 -24141
28726 -24102
28759 -24064
28791 -24026
28823 -23987
28855 -23949
28887 -23910
28918 -23872
28950 -23833
28982 -23795
29014 -23756
29045 -23717
29077 -23678
29108 -23640
29140 -23601
29171 -23562
29203 -23523
29234 -23484
29265 -23445
29297 -23406
29328 -23367
29359 -23328
29390 -23289
29421 -23249
29452 -23210
29483 -23171
29514 -23132
29545 -23092
29575 -23053
29606 -23013
29637 -22974
29667 -22934
29698 -22895
29728 -22855
29759 -22815
29789 -22776
29820 -22736
29850 -22696
29880 -22656
29910 -22617
29940 -22577
29971 -22537
30001 -22497
30031 -22457
30060 -22417
30090 -22377
30120 -22336
30150 -22296
30180 -22256
30209 -22216
30239 -22175
30268 -22135
30298 -22095
30327 -22054
30357 -22014
30386 -21973
30415 -21933
30444 -21892
30474 -21852
30503 -21811
30532 -21770
30561 -21730
30590 -21689
30619 -21648
30647 -21607
30676 -21566
30705 -21525
30734 -21484
30762 -21443
30791 -21402
30819 -21361
30848 -21320
30876 -21279
30905 -21238
30933 -21197
30961 -21155
30989 -21114
31017 -21073
31045 -21031
31073 -20990
31101 -20948
31129 -20907
31157 -20865
31185 -20824
31213 -20782
31240 -20741
31268 -20699
31296 -20657
31323 -20615
31351 -20574
31378 -20532
31405 -20490
31433 -20448
31460 -20406
31487 -20364
31514 -20322
31541 -20280
31568 -20238
31595 -20196
31622 -20154
31649 -20112
31676 -20069
31702 -20027
31729 -19985
31756 -19943
31782 -19900
31809 -19858
31835 -19815
31862 -19773
31888 -19730
31914 -19688
31941 -19645
31967 -19603
31993 -19560
32019 -19517
32045 -19475
32071 -19432
32097 -19389
32122 -19346
32148 -19304
32174 -19261
32200 -19218
32225 -19175
32251 -19132
32276 -19089
32302 -19046
32327 -19003
32352 -18959
32378 -18916
32403 -18873
32428 -18830
32453 -18787
32478 -18743
32503 -18700
32528 -18657
32553 -18613
32578 -18570
32602 -18526
32627 -18483
32652 -18439
32676 -18396
32701 -18352
32725 -18309
32749 -18265
32774 -18221
32798 -18178
32822 -18134
32846 -18090
32870 -18046
32895 -18002
32918 -17959
32942 -17915
32966 -17871
32990 -17827
33014 -17783
33037 -17739
33061 -17695
33085 -17651
33108 -17606
33132 -17562
33155 -17518
33178 -17474
33202 -17430
33225 -17385
33248 -17341
33271 -17297
33294 -17252
33317 -17208
33340 -17163
33363 -17119
33386 -17074
33408 -17030
33431 -16985
33454 -16941
33476 -16896
33499 -16851
33521 -16807
33544 -16762
33566 -16717
33588 -16673
33610 -16628
33632 -16583
33655 -16538
33677 -16493
33699 -16448
33720 -16403
33742 -16358
33764 -16313
33786 -16268
33807 -16223
33829 -16178
33851 -16133
33872 -16088
33894 -16043
33915 -15997
33936 -15952
33957 -15907
33979 -15862
34000 -15816
34021 -15771
34042 -15726
34063 -15680
34084 -15635
34104 -15589
34125 -15544
34146 -15498
34166 -15453
34187 -15407
34208 -15362
34228 -15316
34248 -15270
34269 -15225
34289 -15179
34309 -15133
34329 -15087
34349 -15042
34370 -14996
34389 -14950
34409 -14904
34429 -14858
34449 -14812
34469 -14766
34488 -14720
34508 -14674
34528 -14628
34547 -14582
34566 -14536
34586 -14490
34605 -14444
34624 -14398
34643 -14352
34663 -14305
34682 -14259
34701 -14213
34719 -14167
34738 -14120
34757 -14074
34776 -14028
34795 -13981
34813 -13935
34832 -13889
34850 -13842
34869 -13796
34887 -13749
34905 -13703
34924 -13656
34942 -13609
34960 -13563
34978 -13516
34996 -13470
35014 -13423
35032 -13376
35049 -13329
35067 -13283
35085 -13236
35103 -13189
35120 -13142
35138 -13095
35155 -13049
35172 -13002
35190 -12955
35207 -12908
35224 -12861
35241 -12814
35258 -12767
35275 -12720
35292 -12673
35309 -12626
35326 -12579
35343 -12532
35359 -12484
35376 -12437
35392 -12390
35409 -12343
35425 -12296
35442 -12248
35458 -12201
35474 -12154
35490 -12107
35507 -12059
35523 -12012
35539 -11965
35555 -11917
35570 -11870
35586 -11822
35602 -11775
35618 -11727
35633 -11680
35649 -11632
35664 -11585
35680 -11537
35695 -11490
35710 -11442
35725 -11394
35741 -11347
35756 -11299
35771 -11251
35786 -11204
35801 -11156
35815 -11108
35830 -11060
35845 -11013
35860 -10965
35874 -10917
35889 -10869
35903 -10821
35918 -10773
35932 -10726
35946 -10678
35960 -10630
35975 -10582
35989 -10534
36003 -10486
36017 -10438
36030 -10390
36044 -10342
36058 -10294
36072 -10245
36085 -10197
36099 -10149
36112 -10101
36126 -10053
36139 -10005
36153 -9957
36166 -9908
36179 -9860
36192 -9812
36205 -9764
36218 -9715
36231 -9667
36244 -9619
36257 -9570
36269 -9522
36282 -9474
36295 -9425
36307 -9377
36320 -9328
36332 -9280
36344 -9232
36357 -9183
36369 -9135
36381 -9086
36393 -9038
36405 -8989
36417 -8940
36429 -8892
36441 -8843
36453 -8795
36464 -8746
36476 -8697
36488 -8649
36499 -8600
36510 -8552
36522 -8503
36533 -8454
36544 -8405
36556 -8357
36567 -8308
36578 -8259
36589 -8210
36600 -8162
36610 -8113
36621 -8064
36632 -8015
36643 -7966
36653 -7917
36664 -7869
36674 -7820
36685 -7771
36695 -7722
36705 -7673
36715 -7624
36726 -7575
36736 -7526
36746 -7477
36756 -7428
36765 -7379
36775 -7330
36785 -7281
36795 -7232
36804 -7183
36814 -7134
36823 -7085
36833 -7035
36842 -6986
36851 -6937
36861 -6888
36870 -6839
36879 -6790
36888 -6741
36897 -6691
36906 -6642
36914 -6593
36923 -6544
36932 -6495
36941 -6445
36949 -6396
36958 -6347
36966 -6297
36974 -6248
36983 -6199
36991 -6150
36999 -6100
37007 -6051
37015 -6002
37023 -5952
37031 -5903
37039 -5853
37047 -5804
37054 -5755
37062 -5705
37070 -5656
37077 -5606
37085 -5557
37092 -5507
37099 -5458
37107 -5409
37114 -5359
37121 -5310
37128 -5260
37135 -5211
37142 -5161
37149 -5111
37155 -5062
37162 -5012
37169 -4963
37175 -4913
37182 -4864
37188 -4814
37195 -4765
37201 -4715
37207 -4665
37213 -4616
37220 -4566
37226 -4516
37232 -4467
37238 -4417
37243 -4367
37249 -4318
37255 -4268
37261 -4218
37266 -4169
37272 -4119
37277 -4069
37283 -4020
37288 -3970
37293 -3920
37298 -3871
37303 -3821
37309 -3771
37314 -3721
37318 -3672
37323 -3622
37328 -3572
37333 -3522
37338 -3472
37342 -3423
37347 -3373
37351 -3323
37355 -3273
37360 -3223
37364 -3174
37368 -3124
37372 -3074
37376 -3024
37380 -2974
37384 -2924
37388 -2875
37392 -2825
37396 -2775
37399 -2725
37403 -2675
37407 -2625
37410 -2575
37413 -2526
37417 -2476
37420 -2426
37423 -2376
37426 -2326
37430 -2276
37433 -2226
37435 -2176
37438 -2126
37441 -2076
37444 -2026
37447 -1977
37449 -1927
37452 -1877
37454 -1827
37457 -1777
37459 -1727
37461 -1677
37463 -1628
37465 -1579
37467 -1531
37469 -1484
37471 -1438
37473 -1392
37474 -1348
37476 -1303
37477 -1260
37479 -1217
37480 -1175
37482 -1134
37483 -1094
37484 -1054
37485 -1015
37486 -976
37487 -939
37488 -902
37489 -866
37489 -830
37490 -796
37491 -762
37492 -729
37492 -696
37493 -664
37493 -633
37494 -603
37494 -573
37495 -545
37495 -516
37495 -489
37496 -462
37496 -436
37496 -411
37497 -387
37497 -363
37497 -340
37497 -318
37498 -296
37498 -275
37498 -255
37498 -236
37498 -217
37498 -199
37498 -182
37498 -166
37498 -150
37498 -135
37498 -121
37499 -107
37499 -94
37499 -82
37499 -71
37499 -60
37499 -50
37499 -41
37499 -33
37499 -25
37499 -18
37499 -12
37499 -6
37499 -1
